254
262
256
294
302
307
313
300
307
312
301
302
315
300
304
310
301
302
318
304
323
341
355
307
301
299
288
302
302
328
312
331
311
283
267
287
321
325
377
342
318
357
348
345
361
380
324
337
356
306
319
372
361
356
362
339
336
344
331
374
339
378
336
331
340
311
316
320
316
310
301
302
304
302
302
301
300
300
300
300
300
300
304
302
301
302
300
328
301
301
301
300
301
300
300
301
300
306
304
309
301
305
311
301
301
301
300
300
301
303
303
300
303
301
301
301
301
305
306
313
305
304
303
309
303
304
303
303
316
305
302
306
305
305
305
305
308
308
307
304
305
309
302
303
301
307
304
307
302
303
399
336
393
307
303
302
340
342
353
321
320
320
355
342
322
307
322
310
331
332
326
282
288
256
328
321
329
336
312
344
361
327
324
348
338
318
302
371
361
389
304
369
334
314
325
317
345
327
453
393
360
362
436
394
423
444
365
372
393
364
350
402
383
470
397
363
388
388
403
375
403
391
420
384
431
368
365
585
380
377
384
399
394
383
317
302
347
357
348
351
320
327
366
344
322
322
342
361
326
318
318
359
333
388
327
326
330
321
363
336
331
373
322
350
338
330
310
336
304
381
323
337
329
322
331
372
354
362
364
367
336
366
330
361
332
333
360
481
375
371
389
367
391
366
330
315
312
328
345
362
347
321
366
373
366
378
362
346
321
385
376
342
333
400
391
331
362
381
337
331
470
332
321
335
251
292
353
403
491
305
304
304
313
308
313
307
307
311
323
309
321
307
308
305
310
331
312
305
307
311
316
380
308
316
318
312
311
317
308
305
341
334
308
311
310
321
305
307
305
306
305
307
378
364
325
416
364
360
301
300
289
320
290
312
321
348
301
301
328
337
303
303
308
290
317
313
344
351
327
389
318
306
85
124
166
326
343
301
339
393
320
332
304
313
353
339
316
197
305
262
320
338
349
352
334
354
325
312
307
314
398
303
352
310
309
309
305
351
314
311
314
271
280
269
303
301
306
301
299
311
315
333
306
310
406
306
301
360
301
365
332
302
403
364
324
333
348
418
309
311
319
322
344
313
319
420
362
313
434
306
384
372
390
336
340
310
355
353
374
367
389
369
469
514
294
304
347
306
293
293
276
301
301
303
313
274
268
281
316
281
313
301
297
302
305
300
300
301
303
302
304
336
269
320
269
289
244
270
300
302
302
305
308
300
301
300
305
312
301
301
301
300
300
351
333
377
373
368
388
311
349
334
319
335
304
300
306
302
332
301
318
284
330
301
280
303
431
297
272
280
298
304
301
310
281
300
280
259
267
293
281
285
278
269
446
275
285
271
300
280
322
510
362
383
390
362
363
554
549
425
364
396
373
433
464
365
378
374
345
302
301
311
383
303
548
535
500
659
389
362
458
321
295
309
579
270
299
297
273
251
347
284
284
342
312
316
299
322
328
401
410
345
304
330
324
361
344
398
365
296
335
381
271
374
276
325
394
381
320
367
380
382
374
463
448
426
339
336
405
303
466
381
266
380
383
376
383
332
388
331
387
338
405
414
403
430
497
334
427
412
383
395
413
340
427
353
483
396
385
394
418
429
417
538
452
271
310
271
291
307
312
302
375
285
296
266
313
278
301
295
264
280
295
313
277
281
297
294
284
316
302
292
291
288
283
273
288
291
310
278
299
302
306
305
325
302
306
331
330
341
350
268
251
331
316
309
332
362
303
497
362
291
334
502
330
335
366
378
366
363
361
443
360
422
385
362
393
422
406
333
361
338
334
372
331
393
331
331
527
356
476
325
296
352
314
246
280
334
327
346
392
344
367
399
354
362
351
362
327
422
496
335
415
341
359
404
486
321
523
357
405
391
404
368
442
416
407
468
491
443
448
429
345
349
430
369
419
509
469
404
315
311
302
306
303
305
313
306
306
302
302
304
321
301
301
301
303
320
328
301
312
386
372
371
356
363
379
359
358
365
378
372
361
387
390
437
422
455
366
391
360
357
375
407
367
375
360
379
372
526
306
391
369
361
398
377
527
418
368
495
340
280
369
333
298
346
390
286
344
334
337
337
402
354
362
347
258
399
324
364
409
479
476
320
348
304
301
305
326
305
331
293
325
307
301
276
296
483
294
310
313
294
318
338
300
291
417
333
348
365
330
372
254
306
310
311
311
313
300
303
307
322
292
429
429
350
304
317
323
307
305
307
312
322
344
315
320
317
319
306
316
351
305
265
306
314
353
323
303
308
306
332
324
320
467
488
282
370
311
297
310
280
234
306
300
342
346
352
299
280
309
306
317
274
318
363
281
300
321
318
345
326
323
311
462
454
279
381
336
305
314
315
306
306
304
294
299
300
360
296
302
291
306
305
346
301
296
277
301
302
302
347
301
311
300
332
285
305
402
294
302
301
297
299
301
310
299
300
298
316
304
289
300
303
313
303
289
326
302
304
292
296
315
290
310
294
308
307
306
298
271
307
312
316
303
323
305
305
294
302
299
303
304
318
302
314
310
290
283
293
328
311
296
317
308
308
318
298
309
313
284
315
266
319
274
315
317
275
251
254
260
268
406
284
318
343
326
317
305
321
312
306
345
303
345
307
310
337
312
377
463
398
441
314
306
329
341
338
329
351
338
350
355
374
342
325
346
320
378
313
341
319
319
319
321
322
323
339
373
540
394
322
312
306
304
307
311
305
299
299
299
299
299
299
295
272
264
318
304
412
309
427
306
301
334
307
328
307
326
261
294
283
281
295
288
302
307
319
304
304
313
303
316
301
348
297
292
305
302
319
310
392
306
362
385
369
363
361
360
363
362
367
370
370
366
308
364
330
305
334
314
304
334
347
381
361
337
376
403
371
356
323
379
326
305
231
310
298
258
332
283
332
274
252
272
274
277
273
281
313
297
303
301
333
272
271
282
273
277
273
282
281
271
290
278
278
305
292
241
280
282
280
306
280
284
287
269
270
274
265
274
309
378
325
308
305
306
311
302
311
302
276
282
394
472
378
362
363
421
519
389
469
416
514
384
388
361
360
390
418
379
364
431
435
426
362
396
375
402
497
363
398
368
385
403
473
405
363
373
375
265
278
370
392
376
375
403
376
439
364
460
382
362
374
388
422
372
359
382
428
505
388
359
389
367
412
424
353
366
500
372
372
365
400
368
393
360
365
366
383
369
352
372
379
426
360
343
327
330
311
310
389
318
358
446
317
392
312
353
329
304
335
317
301
316
323
334
319
363
364
349
300
310
331
305
340
315
346
313
272
379
326
383
324
314
315
359
321
319
360
339
353
314
302
306
348
362
303
304
302
306
301
301
300
302
316
312
301
311
312
301
304
302
300
300
301
301
300
301
304
309
304
300
304
304
311
305
315
309
300
301
303
302
301
301
301
300
301
300
307
302
303
300
336
336
363
377
379
377
353
384
331
371
352
350
403
360
433
344
395
553
382
368
389
382
376
330
242
360
374
345
370
355
390
340
427
367
347
337
331
373
361
350
392
352
423
364
371
402
402
378
320
507
360
340
257
305
321
325
314
312
315
308
303
321
313
324
286
333
316
317
312
309
308
311
315
320
308
355
292
349
317
317
321
307
298
308
307
321
347
475
308
335
310
317
308
307
308
304
310
307
312
322
323
341
310
320
316
320
328
323
382
307
357
306
310
307
327
310
309
320
322
363
313
309
313
327
306
352
315
333
311
316
308
344
307
310
313
480
314
332
336
310
371
349
280
350
470
451
441
621
499
470
348
376
339
374
378
397
452
500
428
453
444
470
335
404
426
484
500
441
484
389
391
429
371
379
416
478
447
698
521
436
464
600
805
449
450
472
336
347
363
500
423
444
366
391
412
437
411
394
402
385
374
424
373
410
383
398
401
371
464
425
392
357
386
428
459
428
463
389
390
383
383
387
445
387
392
408
377
529
300
300
300
284
300
287
300
300
300
335
300
300
462
337
498
429
307
349
360
382
532
341
460
390
300
336
300
337
407
357
309
371
362
383
354
344
336
448
307
310
374
425
493
408
670
966
366
418
548
530
490
539
442
362
377
765
377
612
466
512
752
376
448
535
808
597
452
379
450
661
598
686
432
397
419
391
516
440
449
310
380
586
364
377
499
522
449
